000
000
000
000
000
000
000
000
000
000
000
000
000
000
000
000
000
000
000
000
000
000
000
000
000
000
000
000
000
000
000
000
000
000
000
000
000
000
000
000
000
000
000
000
000
000
000
000
000
000
000
000
000
000
000
000
000
000
000
000
000
000
000
000
000
000
000
000
000
000
000
000
000
000
000
000
000
000
000
000
000
000
000
000
000
000
000
000
000
000
000
000
000
000
000
000
000
000
000
000
000
000
000
000
000
000
000
000
000
000
000
000
000
000
000
000
000
000
000
000
000
000
000
000
000
000
000
000
000
000
000
000
000
000
000
000
000
000
000
000
000
000
000
CCC
AAA
EEE
000
000
000
000
000
DDD
BBC
AAA
999
999
999
BBB
DDD
000
000
000
000
000
000
000
000
000
000
000
000
000
000
000
000
000
000
000
000
000
000
000
000
000
000
000
000
000
000
000
000
000
000
000
000
000
000
000
000
000
000
000
000
000
000
000
999
CCC
DDD
888
DDD
000
000
899
444
222
221
111
111
111
111
211
222
444
777
BBB
000
000
000
000
000
000
000
000
000
000
000
000
000
000
000
000
000
000
000
000
000
000
000
000
000
000
000
000
000
000
000
000
000
000
000
000
000
000
000
000
000
000
000
999
CCC
000
000
EEE
999
CCC
444
111
222
332
333
333
333
333
333
332
332
222
221
221
333
888
EEE
000
000
000
000
000
000
000
000
000
000
000
000
000
000
000
000
000
000
000
000
000
000
000
000
000
000
000
000
000
000
000
000
000
000
000
000
000
000
000
999
CCC
000
000
000
000
DDD
111
222
333
332
332
333
333
333
332
332
332
332
333
333
333
222
111
222
999
000
000
000
000
000
000
000
000
000
000
000
000
000
000
000
000
000
000
000
000
000
000
000
000
000
000
000
000
000
000
000
000
000
000
000
000
000
BBB
AAA
000
000
000
000
000
999
111
333
332
332
322
332
332
333
332
332
332
332
332
333
333
333
333
222
111
555
888
BBB
BBB
BBB
CCC
DDD
EEE
000
000
000
000
000
000
000
000
000
000
000
000
000
000
000
000
000
000
000
000
000
000
000
000
000
000
000
000
DDD
999
000
000
000
000
000
000
777
211
333
222
333
333
333
332
332
332
332
332
322
332
332
332
332
332
333
333
222
111
777
EEE
DDD
CCC
BBB
AAA
AAA
BBB
CCC
000
000
000
000
000
000
000
000
000
000
000
000
000
000
000
000
000
000
000
000
000
000
000
000
000
888
EEE
000
000
000
000
000
000
CCC
000
222
333
111
100
111
221
222
222
222
332
332
332
332
322
332
332
332
333
333
333
221
777
000
000
000
000
000
000
DDD
CCC
000
000
000
000
000
000
000
000
000
000
000
000
000
000
000
000
000
000
000
000
000
000
000
BBB
BBB
000
000
000
000
000
EEE
999
999
AAA
EEE
EEE
CCC
999
666
333
111
110
111
222
222
222
332
332
332
332
332
333
332
333
333
111
555
000
000
000
000
000
000
AAA
000
000
000
000
000
000
000
000
000
000
000
000
000
000
000
000
000
000
000
000
000
000
000
888
000
000
000
000
000
AAA
888
CCC
000
000
000
000
000
000
000
000
CCC
777
333
111
111
221
221
222
332
332
332
332
332
333
333
333
111
666
000
000
000
000
DDD
BBB
000
000
000
000
000
000
000
000
000
000
000
000
000
000
000
000
000
000
000
000
000
000
BBB
BBB
000
000
000
EEE
888
AAA
000
000
000
000
000
000
000
000
000
000
000
000
000
AAA
555
221
111
221
221
222
333
333
333
222
333
333
333
111
888
000
000
000
CCC
CCC
000
000
000
000
000
000
000
000
000
000
000
000
000
000
000
000
000
000
000
000
000
000
999
000
000
000
DDD
777
DDD
000
000
000
000
000
000
000
000
000
000
000
000
000
000
000
000
CCC
666
221
211
111
222
333
222
333
222
222
332
333
111
ABA
000
000
AAA
EEE
000
000
000
000
000
000
000
000
000
000
000
000
000
000
000
000
000
000
000
000
000
DDD
AAA
000
000
DDD
777
EEE
000
000
000
000
000
000
000
000
000
000
000
000
000
000
000
000
000
000
000
CCC
444
211
222
111
444
EEE
AAA
555
222
333
222
222
EEE
000
AAA
000
000
000
000
000
000
000
000
000
000
000
000
000
000
000
000
000
000
000
000
000
000
AAA
DDD
000
EEE
777
EEE
000
000
000
000
000
000
000
000
000
000
000
000
000
000
000
000
000
000
000
000
000
000
777
111
222
EEE
000
000
999
111
222
333
111
887
DDD
CCC
000
000
000
000
000
000
000
000
000
000
000
000
000
000
000
000
000
000
000
000
000
000
999
000
000
777
EEE
000
000
000
000
000
000
000
000
000
000
000
000
000
000
000
000
000
000
000
000
000
000
CCC
BBB
CCC
888
FEE
EEE
000
555
222
666
222
332
222
888
000
000
000
000
000
000
000
000
000
000
000
000
000
000
000
000
000
000
000
000
000
000
000
999
DDD
999
CCC
000
000
000
000
000
CCC
000
000
000
000
000
000
000
000
000
000
000
000
000
000
000
000
000
BBB
DDD
000
FDE
DBC
DBC
BAB
222
BBB
000
AAA
433
111
888
000
000
000
000
000
000
000
000
000
000
000
000
000
000
000
000
000
000
000
000
000
AAA
444
666
AAA
998
000
000
000
000
000
BBB
DDD
000
000
000
000
000
000
000
000
000
000
DDD
000
000
000
CCC
BBB
000
DDD
BCC
000
ECC
DAB
EBC
CAB
EEE
BBB
000
CCC
111
222
555
000
000
000
000
000
000
000
000
000
000
000
000
000
000
000
000
000
000
000
000
DDD
222
333
555
777
EEE
000
000
000
000
EEE
BBB
000
000
000
000
000
000
000
000
000
000
000
CCC
000
000
000
000
CCC
000
000
BBB
888
DCC
DAB
C9A
ECC
000
BBB
DCD
BAA
666
222
333
EEE
000
000
000
000
000
000
000
000
000
000
000
000
000
000
000
000
000
000
000
BBB
333
AAA
000
BBB
000
000
000
000
000
CCC
EEE
000
000
000
EEE
000
000
000
000
000
000
000
CCC
EEE
000
000
000
EEE
000
000
CCC
EDD
000
FDD
ECC
CBB
BBB
B9A
CAB
000
EEE
222
222
DDD
000
000
000
000
000
000
000
000
000
000
000
000
000
000
000
000
000
000
000
CCC
222
333
333
000
000
000
000
000
000
CCC
000
000
000
000
DDD
EEE
000
000
000
000
000
000
CCC
BBB
000
000
BBB
777
000
000
BBB
EEE
000
BBB
EDE
000
999
FEE
CBB
BBB
777
222
222
EEE
000
000
000
000
000
000
000
000
000
000
000
000
000
000
000
000
000
000
000
BBB
111
000
BBB
000
000
000
000
000
000
000
000
000
000
000
AAA
EEE
000
000
000
000
000
000
CCC
444
CCC
EEE
555
000
000
000
EEE
AAA
BBB
888
DDD
000
CCC
000
FEF
333
222
222
555
000
000
000
000
000
000
000
000
000
000
000
000
000
000
000
000
000
000
000
DDD
233
000
666
EEE
000
000
000
000
000
000
000
000
000
000
000
666
000
000
000
000
000
000
000
DDD
666
444
333
111
888
EEE
000
000
EEE
DDD
000
999
888
888
EEE
EEE
333
211
332
DDD
000
000
000
000
000
000
000
000
000
000
000
000
000
000
000
000
000
000
000
666
333
444
AAA
AAA
000
000
000
000
000
EFF
000
000
000
000
CCC
666
000
000
000
000
000
000
000
CCC
CCC
AAA
565
CCC
999
BBB
000
000
000
000
000
DDD
AAA
444
111
554
000
666
EEE
000
000
000
000
000
000
000
000
000
000
000
000
000
000
000
000
000
000
000
000
777
111
999
888
CCC
000
000
000
000
DDD
DDD
000
EEE
000
000
998
AAA
000
000
DDD
000
000
000
000
BBB
FEE
A99
666
000
999
AAA
CCC
000
000
000
000
000
888
112
000
555
555
333
000
000
000
000
000
000
000
000
000
DCC
CBC
CCC
CCC
000
000
000
000
000
000
000
000
000
AAA
888
555
000
000
000
000
000
CCC
EEE
000
BBB
000
DDC
A99
BBB
000
000
BBB
000
000
000
000
AAA
000
EEE
444
444
222
888
AAA
000
000
000
000
000
999
222
445
111
AAA
111
666
000
000
000
000
000
000
000
CBB
DBB
FCD
FDD
ECC
CBB
000
000
000
000
000
000
000
EEE
AAA
555
CCC
000
000
000
000
000
BBB
000
EEE
BBB
000
999
DCC
CCC
000
000
AAA
000
000
000
FFF
BBB
EEE
999
EEE
555
CCC
EEE
999
000
000
000
000
000
AAA
333
777
000
555
555
222
000
000
000
000
000
000
CCC
FCD
FDD
FDD
FDD
FDD
DBB
DDD
000
000
000
000
000
000
CCC
777
CCC
EEE
EEE
000
000
000
000
AAA
000
888
CCC
CCC
DDD
CCC
DDD
000
DDC
888
000
EEE
EEE
CDC
AAA
BBB
FEE
000
DDD
999
EEE
AAA
000
000
000
000
000
777
222
555
333
333
000
898
000
000
000
000
000
EEE
DBB
FDD
FDD
FDD
FDD
FDD
DBB
EEE
000
000
000
000
000
000
999
AAA
BBB
CCC
000
000
000
000
EEE
BBB
DDD
666
BBB
666
000
AAA
000
000
666
BBB
000
999
DDD
888
999
CCC
CCC
000
000
EEE
988
888
000
000
000
000
000
888
001
111
777
CCC
555
000
000
000
000
000
000
DCC
FDD
FDD
FDD
FDD
FDD
FDD
BAB
000
000
000
000
000
CCC
777
777
AAA
666
EEE
000
000
000
000
EEE
BBA
888
AAA
BBB
DDD
AA9
888
000
AAA
888
000
CCC
777
BBB
DCC
DDD
AAA
877
666
444
333
111
333
000
000
000
000
000
EEE
444
111
666
000
AA9
EEE
000
000
000
000
CBB
EDD
FEE
FDD
FDD
FDD
FDE
CAA
DDD
000
000
000
000
000
EEE
CCC
666
CCC
BBB
000
000
000
000
000
DDD
444
555
444
888
AAA
999
BAA
BBB
AAA
BBB
CCC
444
777
DCC
000
666
000
111
211
211
433
554
555
000
000
000
000
000
000
BBB
222
444
000
CCC
CCC
000
000
000
DDD
CBB
FEE
FDE
FDE
FDD
FEE
ECC
CBC
000
000
000
000
000
000
000
EEE
777
EEE
BBB
000
000
000
000
000
BBB
000
222
111
100
111
111
111
BBB
AAA
AAA
CCC
AAA
EDD
000
888
222
977
CBB
C9A
FBC
988
999
AAA
000
000
000
000
EEE
CCC
CCC
334
222
AAA
000
BBB
000
000
000
BAA
FEE
FEE
FEE
FEE
FEE
FDD
CBB
000
000
000
000
000
000
000
000
DDD
777
EEE
BBB
000
000
000
000
000
000
444
CCC
878
E9A
C9A
999
644
544
000
000
000
000
000
000
EEE
978
FCD
D89
D89
FBD
A78
BBB
CCC
DDD
000
000
000
BBB
AAA
EEE
444
222
BBB
AAA
CCC
DDD
000
BBB
EEE
000
FEE
FEE
FEE
FEE
BAA
EEE
000
000
000
000
000
000
000
000
EEE
888
FFF
CCC
000
000
000
000
EEE
000
AAA
FFF
877
FBC
E9A
D89
FBC
A99
000
000
000
000
000
000
000
988
FAC
FBC
FBD
FAB
A99
BCC
CCC
888
000
000
000
888
999
000
444
000
EDD
AAA
A99
999
AAA
DDD
000
000
000
FEE
000
CBB
EEE
000
000
000
000
000
000
000
000
000
000
999
CCC
CCC
BBB
000
000
000
DDD
DDD
BBB
EEE
BAA
D9A
FBD
FBC
E9A
BAA
000
000
000
000
000
000
000
CCC
A88
C9A
B89
977
DCC
BBB
777
A99
000
000
DDD
333
BBB
FEF
444
000
CAA
DBB
000
CCC
888
000
000
000
000
000
CBC
DDD
000
000
000
000
000
000
000
000
000
000
000
DDD
999
AAA
888
DDD
000
000
000
BBB
CBB
CBB
FEE
A88
C9A
C9A
B89
EDD
000
000
000
000
000
000
000
000
EDD
DCC
DCC
FEE
CBB
877
877
EEE
000
AAA
878
544
CAA
FDE
544
000
877
DBB
EFF
BBB
000
000
000
000
000
CCC
CCC
000
000
000
000
000
000
000
000
000
000
000
000
000
EEE
AAA
666
999
000
000
000
EDD
666
877
DCC
FEE
EDD
DDD
FFF
000
000
EEE
EEE
EDD
DCC
CBB
BAA
DDD
000
000
000
FEE
BAA
CBB
BAA
000
777
555
B99
EBB
977
FCC
655
323
655
CAA
ABB
EEE
000
000
000
000
CCC
CCC
000
000
000
000
000
000
000
000
000
000
000
000
000
000
000
DDD
444
878
EDD
FEF
FDE
FDD
877
FDD
EDD
FEE
FEE
000
000
000
BBB
977
D99
C99
D99
D99
E99
A88
DDD
000
FEE
FDD
FEE
BAA
AAA
888
544
DAB
FCD
FCD
766
C99
EBB
B9A
CCC
766
DDD
000
000
000
000
CCC
CCC
000
000
000
000
000
000
000
000
000
000
000
000
000
000
000
000
EEE
655
978
B99
FDD
FCD
FDE
A88
BAA
000
FDE
FEE
000
000
000
A99
E99
FAA
FAA
EAA
EAA
FAA
EA9
A88
000
FEE
FEE
FEE
666
766
DAB
FCC
C99
EBB
FCD
766
A78
FCD
A89
888
777
000
000
000
000
BBB
CCC
000
000
000
000
000
000
000
000
000
000
000
000
000
000
000
000
000
DDD
B99
866
DAA
B89
FDD
FBC
FCC
A78
BAA
FFF
FEF
000
FFF
000
B99
D99
FAA
EAA
EA9
EA9
EAA
FAA
B88
CCC
000
EEE
A88
A88
A78
FCD
A88
655
EAA
D9A
988
B99
EAB
CCC
999
BBB
BBB
DDD
000
AAA
CCC
000
000
000
000
000
000
000
000
000
000
000
000
000
000
000
000
000
000
DCC
B89
977
FCD
A88
C9A
FBB
C99
FCD
A88
877
DDD
000
000
000
BAA
D99
EA9
EA9
EA9
EAA
FAA
FAA
FAA
A99
AAA
555
433
867
866
DAB
655
CBB
D99
866
888
B99
B89
EEE
DDD
000
000
BBB
888
DDD
000
000
000
000
000
000
000
000
000
000
000
000
000
000
000
000
000
000
000
988
A99
A99
EBB
C99
544
C9A
B99
FCC
FBB
977
A88
988
BAA
DDD
BAA
D98
FBA
FAA
EA9
E99
D99
C88
966
322
222
777
222
111
866
866
CCC
DCC
A78
666
BBB
978
322
AAA
000
000
000
000
AAA
EEE
000
000
000
000
000
000
000
000
000
000
000
000
000
000
000
000
000
000
EEE
AAA
000
EEE
B99
B99
888
866
866
FCC
FCC
755
B88
FCC
544
333
333
755
755
755
A99
B99
BAA
999
122
222
655
556
222
333
645
655
888
988
CBB
BBB
DDD
666
000
444
000
000
000
000
000
BBB
000
000
000
000
000
000
000
000
000
000
000
000
000
000
000
000
000
000
000
000
000
000
CCC
977
BBB
999
988
FBC
FCC
766
988
977
444
555
222
777
444
111
666
988
888
333
222
333
777
333
333
333
333
666
112
AAA
000
000
000
DCC
555
666
EEE
000
000
000
000
CCC
DDD
000
000
000
000
000
000
000
000
000
000
000
000
000
000
000
000
000
000
000
000
000
000
CCC
BAA
000
B99
FBC
EAA
A99
000
767
666
555
222
666
655
444
333
988
877
666
555
333
667
222
333
333
555
555
666
DDD
000
000
000
EEE
555
666
CCC
FFF
000
000
000
000
BBB
000
000
000
000
000
000
000
000
000
000
000
000
000
000
000
000
000
000
000
000
000
000
000
000
000
B99
FCD
866
DDD
000
BBB
666
555
222
444
777
666
222
CBB
666
444
777
666
344
222
333
333
666
444
EEE
999
000
000
000
EEE
111
111
DDD
DDD
EEE
000
000
000
CCC
EEE
000
000
000
000
000
000
000
000
000
000
000
000
000
000
000
000
000
000
000
000
000
000
000
DDD
EAA
B88
888
000
DDD
DDD
777
555
333
222
899
777
666
000
999
BBB
444
888
111
333
333
333
555
777
000
ABA
DDD
000
000
DDD
666
777
000
000
EEE
000
000
000
EEE
CCC
000
000
000
000
000
000
000
000
000
000
000
000
000
000
000
000
000
000
000
000
000
000
000
CAB
C89
AAA
000
000
BBB
FFF
777
555
333
333
333
999
CCC
756
AAA
455
111
222
333
333
333
444
555
BBB
000
DDE
AAA
000
000
BBB
333
666
000
000
000
EEE
000
000
000
BBC
000
000
000
000
000
000
000
000
000
000
000
000
000
000
000
000
000
000
000
000
000
000
CCC
977
CBB
000
000
000
AAA
000
888
555
333
333
000
444
999
E8A
755
111
221
222
333
333
332
555
666
000
000
000
AAA
000
000
888
222
999
000
000
000
CCC
000
000
000
DDD
DDD
000
000
000
000
000
000
000
000
000
000
000
000
000
000
000
000
000
000
000
000
000
CCC
EEE
000
000
000
EEE
AAA
000
AAA
555
333
333
111
888
EEE
645
AAA
CCC
333
322
333
333
333
555
777
000
000
000
CCC
DDD
EEE
666
666
DDD
000
000
000
EEE
DDD
000
000
000
CCC
000
000
000
000
000
000
000
000
000
000
000
000
000
000
000
000
000
000
000
000
000
000
000
000
000
000
CCC
CCC
000
CCC
566
444
222
777
000
000
455
999
EEE
DDD
222
333
333
443
555
BBB
000
000
000
EEE
BBB
666
010
CCC
DDD
000
000
000
000
BBB
EEE
000
000
BBB
000
000
000
000
000
000
000
000
000
000
000
000
000
000
000
000
000
000
000
000
000
000
000
000
000
000
BBB
DDD
000
EEE
666
343
555
000
000
DDD
555
888
000
000
CCC
333
333
444
666
EEE
000
000
000
000
888
000
999
000
CCC
000
000
000
000
CCC
BBB
000
AAA
EEE
000
000
000
000
000
000
000
000
000
000
000
000
000
000
000
000
000
000
000
000
000
000
000
000
000
000
AAA
000
000
000
778
444
555
000
000
BBB
999
777
EEE
000
CCC
333
322
555
777
000
000
000
000
000
CCC
AAA
000
000
DDD
EEE
000
000
000
000
AAA
544
888
000
000
000
000
000
000
000
000
000
000
000
000
000
000
000
000
000
000
000
000
000
000
000
000
000
000
CCC
AAA
EEE
000
000
999
555
111
666
BBB
DCD
AAA
BBB
CCC
999
333
222
333
555
555
000
000
000
000
EFE
EEE
999
DDD
000
EEE
DDD
000
000
EEE
999
444
433
666
000
000
000
000
000
000
000
000
000
000
000
000
000
000
000
000
000
000
000
000
000
000
000
000
000
DDD
CCC
AAA
BBB
CCC
000
BBB
666
555
333
CCC
000
AAA
CCC
000
788
555
333
555
555
333
000
000
000
000
CCC
AAB
BBB
CCC
EEE
DDD
AAA
CCC
888
444
433
544
544
444
EEE
000
000
000
000
000
000
000
000
000
000
000
000
000
000
000
000
000
000
000
000
000
000
000
000
DDD
CBC
CBB
DDD
CCC
000
EEE
666
777
888
000
000
BBB
CCC
000
DDD
555
777
777
333
333
EEE
000
000
000
CCC
CBC
DCC
A9A
BBB
DDD
EEE
FFF
BBB
333
545
544
544
433
BBB
000
000
000
000
000
000
000
000
000
000
000
000
000
000
000
000
000
000
000
000
000
000
000
000
CCC
CAA
C9A
BBC
EEE
000
000
777
666
666
CCC
DCD
AAA
AAA
DDD
DDD
444
777
777
222
333
CCC
000
000
FEE
CCD
CAB
A88
EDE
CCC
000
000
000
000
777
433
544
544
433
877
000
000
000
000
000
000
000
000
000
000
000
000
000
000
000
000
000
000
000
000
000
000
000
000
AAA
CCC
BBB
BBB
DDD
000
000
AAA
222
888
BBB
888
CCC
BBB
999
AAA
887
555
444
222
666
CCC
000
000
EEE
CCC
AAA
DDE
999
CCC
000
000
000
000
EEE
444
544
544
544
544
000
000
000
000
000
000
000
000
000
000
000
000
000
000
000
000
000
000
000
000
000
000
000
000
DDD
777
EEE
000
000
000
000
000
777
000
AAA
DDD
000
000
DDD
AAA
000
888
444
CCC
999
BBC
000
000
000
000
DDD
DDD
BBB
BBB
000
000
000
000
000
AAA
333
544
555
666
CCC
000
000
000
000
000
000
000
000
000
000
000
000
000
000
000
000
000
000
000
000
000
000
000
000
666
555
888
CCC
EEE
EEE
CCC
CCC
000
EEE
FFF
FEE
FEF
FFF
EEE
000
AAA
555
999
CCC
AAA
EEE
000
000
000
AAA
555
656
DDD
FEF
EEE
EEE
EEE
FEE
EEE
888
AAA
BBB
CCC
CCC
000
000
000
000
000
000
000
000
000
000
000
000
000
000
000
000
000
000
000
000
000
000
000
000
777
655
555
555
777
444
888
000
EEE
FEE
EEE
FEE
FEE
EEE
EEE
FEF
DDD
888
888
EEE
EEE
777
666
777
666
544
656
656
EDE
FEF
EEE
FEE
FEE
EEE
FEF
EDD
999
BBB
888
888
000
000
000
000
000
000
000
000
000
000
000
000
000
000
000
000
000
000
000
000
000
000
000
000
EEE
555
777
666
555
555
DDD
FFF
EEE
FEE
FEE
FEE
FEE
FEE
FEE
EEE
FEF
000
000
EEE
000
CCC
444
555
666
666
444
888
000
EEE
FEE
FEE
FEE
FEE
EEE
000
DDD
666
666
AAA
000
000
000
000
000
000
000
000
000
000
000
000
000
000
000
000
000
000
000
000
000
000
000
000
000
BBB
BBB
888
AAA
EEE
FEF
EEE
FEE
EEE
EEE
EEE
EEE
EEE
FEE
FEE
EEE
EEE
EEE
FEE
EEE
FEF
DCD
777
888
BBB
988
FEF
FEE
EEE
FEE
FEE
FEE
FEE
FEE
EEE
FFF
000
000
000
000
000
000
000
000
000
000
000
000
000
000
000
000
000
000
000
000
000
000
000
000
000
000
000
000
000
000
000
000
000
000
000
000
000
000
000
FEF
FEF
FEF
FFF
FEF
FEF
FEF
FFF
FFF
FEF
000
000
CCC
CCC
DDD
000
FFF
000
000
000
000
000
000
000
000
000
000
000
000
000
000
000
000
000
000
000
000
000
